run1000 : 
rawArray = [0.9396, 0.9586, 0.9838, 0.9764, 0.9240, 0.9865, 0.9020, 0.9432, 0.9465, 0.7333, 0.9501, 0.9608, 0.9305, 0.9652, 0.9699, 0.9657, 0.9822, 0.9813, 0.9795, 0.9689]
relArray = [0.8754, 0.7320, 0.8643, 0.8412, 0.8685, 0.8383, 0.8471, 0.8644, 0.8206, 0.6895, 0.8415, 0.8621, 0.8241, 0.8739, 0.7629, 0.5146, 0.8658, 0.8473, 0.8167, 0.8696]
mean: 0.9474	0.8160
max: 0.9865 	0.8754 
min: 0.7333 	0.5146 

run2000 : 
rawArray = [0.9616, 0.9841, 0.9871, 0.9847, 0.9557, 0.9880, 0.9552, 0.9671, 0.9796, 0.9255, 0.9680, 0.9741, 0.9615, 0.9752, 0.9934, 0.9878, 0.9855, 0.9854, 0.9869, 0.9806]
relArray = [0.9110, 0.8062, 0.9023, 0.8949, 0.8996, 0.8801, 0.9074, 0.9091, 0.7772, 0.8645, 0.9072, 0.9006, 0.8905, 0.9029, 0.7495, 0.5671, 0.9078, 0.8919, 0.8783, 0.9111]
mean: 0.9744	0.8630
max: 0.9934 	0.9111 
min: 0.9255 	0.5671 

run4000 : 
rawArray = [0.9534, 0.9720, 0.9702, 0.9727, 0.9490, 0.9764, 0.9399, 0.9748, 0.9348, 0.8917, 0.9500, 0.9484, 0.9373, 0.9641, 0.9742, 0.9768, 0.9702, 0.9812, 0.9769, 0.9714]
relArray = [0.8998, 0.8855, 0.8996, 0.9046, 0.8910, 0.8957, 0.8844, 0.9010, 0.8481, 0.8203, 0.8878, 0.8894, 0.8668, 0.9046, 0.8651, 0.7335, 0.9005, 0.8935, 0.8912, 0.9048]
mean: 0.9593	0.8784
max: 0.9812 	0.9048 
min: 0.8917 	0.7335 

run11999 : 
rawArray = [0.9907, 0.9781, 0.9956, 0.9951, 0.9893, 0.9933, 0.9899, 0.9937, 0.9890, 0.9822, 0.9705, 0.9941, 0.9412, 0.9957, 0.9823, 0.9861, 0.9937, 0.9945, 0.9944, 0.9956]
relArray = [0.9023, 0.8840, 0.8906, 0.8945, 0.9009, 0.9024, 0.9053, 0.9015, 0.7975, 0.8640, 0.8990, 0.8945, 0.8223, 0.9009, 0.8624, 0.7046, 0.9007, 0.8971, 0.8873, 0.8953]
mean: 0.9873	0.8753
max: 0.9957 	0.9053 
min: 0.9412 	0.7046 

