run1000 : 
rawArray = [0.7108, 0.8365, 0.8981, 0.2592, 0.9479, 0.8518, 0.3698, 0.9078, 0.9328, 0.5371, 0.6326, 0.9446, 0.9091, 0.8942, 0.8443, 0.9134, 0.8716, 0.0144, 0.8858, 0.9238]
relArray = [0.6768, 0.7729, 0.8432, 0.2550, 0.8514, 0.7935, 0.3638, 0.8488, 0.8441, 0.5223, 0.6104, 0.8596, 0.8461, 0.8405, 0.8018, 0.8340, 0.8170, 0.0143, 0.8388, 0.8541]
mean: 0.7543	0.7044
max: 0.9479 	0.8596 
min: 0.0144 	0.0143 

run2000 : 
rawArray = [0.9889, 0.9996, 0.9983, 0.7652, 0.9984, 0.9991, 0.8338, 0.9981, 0.9997, 0.9390, 0.9473, 0.9976, 0.9996, 0.9985, 0.9976, 0.9969, 0.9982, 0.3501, 0.9965, 0.9993]
relArray = [0.7606, 0.6822, 0.7844, 0.7299, 0.7087, 0.8021, 0.7393, 0.7487, 0.7404, 0.8540, 0.8152, 0.7476, 0.7535, 0.7890, 0.7858, 0.7711, 0.7922, 0.3247, 0.7941, 0.7545]
mean: 0.9401	0.7439
max: 0.9997 	0.8540 
min: 0.3501 	0.3247 

run4000 : 
rawArray = [0.9915, 0.9981, 0.9971, 0.8494, 0.9986, 0.9989, 0.8727, 0.9976, 0.9993, 0.9752, 0.9697, 0.9982, 0.9957, 0.9944, 0.9944, 0.9968, 0.9981, 0.7143, 0.9945, 0.9997]
relArray = [0.8969, 0.7754, 0.8798, 0.7941, 0.8373, 0.8712, 0.7717, 0.8422, 0.8629, 0.8981, 0.8241, 0.8551, 0.8832, 0.8976, 0.8965, 0.8525, 0.8661, 0.5751, 0.8875, 0.8444]
mean: 0.9667	0.8406
max: 0.9997 	0.8981 
min: 0.7143 	0.5751 

run11999 : 
rawArray = [0.9954, 0.9933, 0.9988, 0.9946, 0.9983, 0.9972, 0.9979, 0.9940, 0.9932, 0.9974, 0.9008, 0.7516, 0.9960, 0.9966, 0.9974, 0.9965, 0.9209, 0.9980, 0.3271, 0.6627]
relArray = [0.8476, 0.8407, 0.8110, 0.8616, 0.8371, 0.8500, 0.8014, 0.8716, 0.8507, 0.7355, 0.8245, 0.6380, 0.8726, 0.8279, 0.8340, 0.8533, 0.7571, 0.7311, 0.2741, 0.6172]
mean: 0.9254	0.7768
max: 0.9988 	0.8726 
min: 0.3271 	0.2741 

